Parties:
Party name
Approval: %
RGB party colour

Party1
Approval: 54%
0 0 255

Party2
Approval: 59%
255 0 0

Party3
Approval: 57%
255 255 0

Party4
Approval: 71%
0 255 0

Party5
Approval: 39%
1 4 26

Party6
Approval: 37%
150 15 15

Party7
Approval: 28%
230 190 0

Party8
Approval: 63%
255 127 0

Party9
Approval: 50%
128 128 128

Party10
Approval: 35%
254 23 14

Party11
Approval: 74%
23 58 76

Party12
Approval: 38%
145 34 167

Party13
Approval: 38%
83 192 63

Party14
Approval: 94%
205 35 245

Party15
Approval: 4%
5 6 136

Party16
Approval: 74%
100 100 0

Party17
Approval: 47%
0 0 127

Party18
Approval: 19%
0 127 255

Party19
Approval: 23%
0 128 128

Party20
Approval: 53%
255 37 255


Province:
Region		Population	Seats	Party Support (Party 1, Party 2, Party 3...)

						P1	P2	P3	P4	P5	P6	P7	P8	P9	P10	P11	P12	P13	P14	P15	P16	P17	P18	P19	P20
Province1:
Region1-1	735158		7		365	393	173	39	11	7	9	0	3	65	57	57	97	56	6	8	4	8	1	0
Region1-2	970875		10		407	316	192	48	16	10	9	0	2	47	49	19	41	37	9	4	7	9	4	0
Region1-3	4272298		43		203	481	194	55	25	30	9	0	3	83	58	93	27	37	6	3	6	9	6	0
Region1-4	470307		5		403	346	182	18	34	2	10	0	5	74	73	46	14	83	8	9	2	4	1	0
Region1-5	712233		7		389	405	135	18	30	9	11	0	3	74	66	75	75	98	5	5	2	1	8	0
Region1-6	238579		2		365	393	173	39	11	7	9	0	3	65	57	57	97	56	6	8	4	8	1	0
Region1-7	985723		10		407	316	192	48	16	10	9	0	2	47	49	19	41	37	9	4	7	9	4	0
Region1-8	325789		3		203	481	194	55	25	30	9	0	3	83	58	93	27	37	6	3	6	9	6	0
Region1-9	513287		5		403	346	182	18	34	2	10	0	5	74	73	46	14	83	8	9	2	4	1	0
Region1-10	893579		9		389	405	135	18	30	9	11	0	3	74	66	75	75	98	5	5	2	1	8	0

Province2:
Region2-1	478700		5		472	293	172	19	22	7	12	0	3	65	57	57	97	56	6	8	4	8	1	0
Region2-2	694817		7		481	298	146	29	22	7	13	0	4	65	57	57	97	56	6	8	4	8	1	0
Region2-3	1862176		19		515	255	139	21	48	2	17	0	3	65	57	57	97	56	6	8	4	8	1	0
Region2-4	462609		5		585	213	83	21	61	4	28	0	5	74	73	46	14	83	8	9	2	4	1	0
Region2-5	492473		5		251	282	392	28	15	28	3	0	1	65	57	57	97	56	6	8	4	8	1	0
Region2-6	602427		6		232	295	414	21	11	21	5	0	1	65	57	57	97	56	6	8	4	8	1	0
Region2-7	714735		7		262	366	303	28	7	20	8	0	6	47	49	19	41	37	9	4	7	9	4	0

Province3:
Region3-1	1007060		10		274	398	270	34	8	9	5	0	2	74	66	75	75	98	5	5	2	1	8	0
Region3-2	2068381		21		335	423	149	64	9	6	9	0	5	65	57	57	97	56	6	8	4	8	1	0
Region3-3	845129		8		410	391	127	34	20	7	6	0	5	65	57	57	97	56	6	8	4	8	1	0
Region3-4	432659		4		466	329	96	39	47	7	13	0	3	47	49	19	41	37	9	4	7	9	4	0
Region3-5	1007060		10		274	398	270	34	8	9	5	0	2	74	66	75	75	98	5	5	2	1	8	0
Region3-6	2068381		21		335	423	149	64	9	6	9	0	5	65	57	57	97	56	6	8	4	8	1	0
Region3-7	845129		8		410	391	127	34	20	7	6	0	5	65	57	57	97	56	6	8	4	8	1	0
Region3-8	432659		4		466	329	96	39	47	7	13	0	3	47	49	19	41	37	9	4	7	9	4	0

Province4:
Region4-1	481205		5		251	282	392	28	15	28	3	0	1	28	15	28	41	37	6	8	4	8	1	0
Region4-2	610145		6		232	295	414	21	11	21	5	0	1	66	75	75	97	56	6	8	4	8	1	0
Region4-3	743751		7		262	366	303	28	7	20	8	0	6	65	57	57	57	97	6	8	4	8	1	0
Region4-4	2075612		21		350	262	328	28	9	16	2	0	5	58	93	27	37	49	6	8	4	8	1	0
Region4-5	596264		6		309	225	413	22	5	18	5	0	3	75	75	98	57	97	6	8	4	8	1	0

Province5:
Region5-1	1075022		11		363	380	182	29	21	12	10	0	3	47	49	19	41	37	9	4	7	9	4	0
Region5-2	2303117		23		367	400	130	44	32	10	13	0	4	74	73	46	14	83	8	9	2	4	1	0

Province6:
Region6-1	13332		1		149	99	127	38	75	20	24	461	7	66	75	75	97	56	6	8	4	8	1	0
Region6-2	78880		1		139	336	67	43	73	16	41	281	4	74	66	75	75	98	5	5	2	1	8	0
Region6-3	21497		1		129	80	182	149	52	36	19	347	6	74	66	75	75	98	5	5	2	1	8	0
Region6-4	38577		1		145	112	170	72	41	23	22	409	6	47	49	19	41	37	9	4	7	9	4	0
Region6-5	15347		1		147	134	296	68	86	32	12	217	8	65	57	57	97	56	6	8	4	8	1	0

Province7:
Region7-1	132646		1		365	393	173	39	11	7	9	0	3	65	57	57	97	56	6	8	4	8	1	0
Region7-2	124355		1		407	316	192	48	16	10	9	0	2	47	49	19	41	37	9	4	7	9	4	0
Region7-3	124355		1		203	481	194	55	25	30	9	0	3	83	58	93	27	37	6	3	6	9	6	0
Region7-4	105835		1		403	346	182	18	34	2	10	0	5	74	73	46	14	83	8	9	2	4	1	0
Region7-5	105846		1		389	405	135	18	30	9	11	0	3	74	66	75	75	98	5	5	2	1	8	0
Region7-6	105935		1		365	393	173	39	11	7	9	0	3	65	57	57	97	56	6	8	4	8	1	0
Region7-7	105356		1		407	316	192	48	16	10	9	0	2	47	49	19	41	37	9	4	7	9	4	0
Region7-8	100035		1		203	481	194	55	25	30	9	0	3	83	58	93	27	37	6	3	6	9	6	0
Region7-9	105835		1		403	346	182	18	34	2	10	0	5	74	73	46	14	83	8	9	2	4	1	0
Region7-10	104829		1		389	405	135	18	30	9	11	0	3	74	66	75	75	98	5	5	2	1	8	0
Region7-11	194875		1		472	293	172	19	22	7	12	0	3	65	57	57	97	56	6	8	4	8	1	0
Region7-12	123255		1		481	298	146	29	22	7	13	0	4	65	57	57	97	56	6	8	4	8	1	0
Region7-13	90356		1		515	255	139	21	48	2	17	0	3	65	57	57	97	56	6	8	4	8	1	0
Region7-14	89436		1		585	213	83	21	61	4	28	0	5	74	73	46	14	83	8	9	2	4	1	0
Region7-15	94646		1		251	282	392	28	15	28	3	0	1	65	57	57	97	56	6	8	4	8	1	0
Region7-16	92564		1		232	295	414	21	11	21	5	0	1	65	57	57	97	56	6	8	4	8	1	0
Region7-17	96736		1		262	366	303	28	7	20	8	0	6	47	49	19	41	37	9	4	7	9	4	0

Province8:
Region8-1	481205		5		251	282	392	28	15	28	3	0	1	28	15	28	41	37	6	8	4	8	1	300
Region8-2	610145		6		232	295	414	21	11	21	5	0	1	66	75	75	97	56	6	8	4	8	1	300
Region8-3	743751		7		262	366	303	28	7	20	8	0	6	65	57	57	57	97	6	8	4	8	1	300
Region8-4	2075612		21		350	262	328	28	9	16	2	0	5	58	93	27	37	49	6	8	4	8	1	300
Region8-5	596264		6		309	225	413	22	5	18	5	0	3	75	75	98	57	97	6	8	4	8	1	300