Regions: 13
BC
AB
SK
MB
ON
QC
NB
NS
PE
NL
YT
NT
NU

Voter Populations:
4400057 3645257 1033381 1208268 12851821 7903001 751171 921727 140204 514536 33897 41462 31906 
Regional Seats:
36 28 14 14 106 75 10 11 4 7 1 1 1

Parties: 6
Conservative	
0 0 255
45.5 66.8 56.3 53.5 44.4 16.5 43.9 36.7 41.2 28.4 33.8 32.1 49.9
New Democrats
255 128 0
32.5 16.8 32.3 25.8 25.6 42.9 29.8 30.3 15.4 32.6 14.4 45.8 19.4
Liberal
255 0 0
13.4  9.3  8.6 16.6 25.3 14.2 22.6 28.9 41.0 37.9 33.0 18.4 28.7
Bloc Quebecois
0 255 255
 0.0  0.0  0.0  0.0  0.0 23.4  0.0  0.0  0.0  0.0  0.0  0.0  0.0
Green
0 255 0
 7.7  5.3  2.7  3.6  3.8  2.1  3.2  4.0  2.4  0.9 18.9  3.1  2.0
Independent/Other
128 128 128
 0.2  1.3  0.2  0.1  0.2  0.6  0.5  0.0  0.0  0.3  0.0  0.0  0.0
